// A       0 
000011111110000 
000110000011000 
001110000011100 
001110000011100  
011110000011110  
111110000011111  
111100000011111  
111100000011111  
111100000011111  
111111111111111  
111111111111111  
111100000011111  
111100000011111 
111100000011111  
111100000011111  
111100000011111  
111100000011111  
111100000011111  
111100000011111  
111100000011111 
// B       1 
111000000000011 
111000000000011 
111100000000011 
111100000000011 
110110000000011 
110110000000011 
110011000000011 
110011000000011 
110001100000011 
110000110000011 
110000011000011 
110000001100011 
110000000110011 
110000000110011 
110000000011011 
110000000011011 
110000000001111 
110000000001111 
110000000000111 
110000000000111 
// C       2 
111000000000011 
111000000000011 
111100000000011 
111100000000011 
110110000000011 
110110000000011 
110011000000011 
110011000000011 
110001100000011 
110000110000011 
110000011000011 
110000001100011 
110000000110011 
110000000110011 
110000000011011 
110000000011011 
110000000001111 
110000000001111 
110000000000111 
110000000000111  
// D       3 
111111110000000 
111111111000000 
110000011100000 
110000001110000 
110000001110000 
110000000111000 
110000000011100 
110000000011100 
110000000001110 
110000000001110 
110000000001110 
110000000001110 
110000000011100 
110000000011100 
110000000111000 
110000001110000 
110000001110000 
110000011100000 
111111111000000 
111111110000000 
// E       4 
111111111111111 
111111111111111 
111111111111111 
111000000000000 
111000000000000 
111000000000000 
111000000000000 
111000000000000 
111000000000000 
111111111111111 
111111111111111
111000000000000 
111000000000000 
111000000000000 
111000000000000 
111000000000000 
111000000000000 
111111111111111 
111111111111111
111111111111111 
// F       5 
111000000000011 
111000000000011 
111100000000011 
111100000000011 
110110000000011 
110110000000011 
110011000000011 
110011000000011 
110001100000011 
110000110000011 
110000011000011 
110000001100011 
110000000110011 
110000000110011 
110000000011011 
110000000011011 
110000000001111 
110000000001111 
110000000000111 
110000000000111 
// G       6 
111000000000011 
111000000000011 
111100000000011 
111100000000011 
110110000000011 
110110000000011 
110011000000011 
110011000000011 
110001100000011 
110000110000011 
110000011000011 
110000001100011 
110000000110011 
110000000110011 
110000000011011 
110000000011011 
110000000001111 
110000000001111 
110000000000111 
110000000000111 
// H       7 
111000000000011 
111000000000011 
111100000000011 
111100000000011 
110110000000011 
110110000000011 
110011000000011 
110011000000011 
110001100000011 
110000110000011 
110000011000011 
110000001100011 
110000000110011 
110000000110011 
110000000011011 
110000000011011 
110000000001111 
110000000001111 
110000000000111 
110000000000111 
// I       8 
111111111111111
111111111111111 
000000111000000 
000000111000000 
000000111000000 
000000111000000 
000000111000000 
000000111000000 
000000111000000 
000000111000000 
000000111000000 
000000111000000 
000000111000000 
000000111000000 
000000111000000 
000000111000000 
000000111000000 
000000111000000 
111111111111111 
111111111111111 
// J       9 
111000000000011 
111000000000011 
111100000000011 
111100000000011 
110110000000011 
110110000000011 
110011000000011 
110011000000011 
110001100000011 
110000110000011 
110000011000011 
110000001100011 
110000000110011 
110000000110011 
110000000011011 
110000000011011 
110000000001111 
110000000001111 
110000000000111 
110000000000111 
// K       10 
110000000000111 
110000000001110 
110000000011100 
110000000111000 
110000001110000 
110000011100000 
110000111000000 
111001110000000 
111111100000000 
111111000000000 
111111000000000 
111111100000000 
111001110000000 
110000111000000 
110000011100000 
110000001110000 
110000000111000 
110000000011100 
110000000001110 
110000000000111 
// L       11 
111000000000000 
111000000000000 
111000000000000 
111000000000000 
111000000000000 
111000000000000 
111000000000000 
111000000000000 
111000000000000 
111000000000000 
111000000000000 
111000000000000 
111000000000000 
111000000000000 
111000000000000 
111000000000000 
111000000000000 
111111111111111 
111111111111111 
111111111111111  
// M       12 
111100000001111 
111100000001111 
111110000011111 
111110000011111 
111011000110111 
111011000110111 
111001101100111 
111001101100111 
111000111000111 
111000111000111 
111000000000111 
111000000000111 
111000000000111 
111000000000111 
111000000000111 
111000000000111 
111000000000111 
111000000000111 
111000000000111 
111000000000111 
// N       13 
111000000000011 
111000000000011 
111100000000011 
111100000000011 
110110000000011 
110110000000011 
110011000000011 
110011000000011 
110001100000011 
110000110000011 
110000011000011 
110000001100011 
110000000110011 
110000000110011 
110000000011011 
110000000011011 
110000000001111 
110000000001111 
110000000000111 
110000000000111 
// O       14 
001111111111100 
011111111111110 
111111111111111 
111110000011111 
111100000001111 
111000000000111 
111000000000111 
111000000000111 
111000000000111 
111000000000111 
111000000000111 
111000000000111 
111000000000111 
111000000000111 
111000000000111 
111100000001111 
111110000011111 
111111111111111 
011111111111110 
001111111111100 
// P       15 
111000000000011 
111000000000011 
111100000000011 
111100000000011 
110110000000011 
110110000000011 
110011000000011 
110011000000011 
110001100000011 
110000110000011 
110000011000011 
110000001100011 
110000000110011 
110000000110011 
110000000011011 
110000000011011 
110000000001111 
110000000001111 
110000000000111 
110000000000111 
// Q       16 
111000000000011 
111000000000011 
111100000000011 
111100000000011 
110110000000011 
110110000000011 
110011000000011 
110011000000011 
110001100000011 
110000110000011 
110000011000011 
110000001100011 
110000000110011 
110000000110011 
110000000011011 
110000000011011 
110000000001111 
110000000001111 
110000000000111 
110000000000111 
// R       17 
111111111100000 
111111111110000 
110000001111000 
110000000111100 
110000000011110 
110000000001111 
110000000001111 
110000000011110 
110000000111100 
111111111111000 
111111111100000 
110000001110000 
110000000111000 
110000000111000 
110000000011100 
110000000011100 
110000000001110 
110000000001110 
110000000000111 
110000000000111 
// S       18 
111000000000011 
111000000000011 
111100000000011 
111100000000011 
110110000000011 
110110000000011 
110011000000011 
110011000000011 
110001100000011 
110000110000011 
110000011000011 
110000001100011 
110000000110011 
110000000110011 
110000000011011 
110000000011011 
110000000001111 
110000000001111 
110000000000111 
110000000000111 
// T       19 
111111111111111
111111111111111 
000000111000000 
000000111000000 
000000111000000 
000000111000000 
000000111000000 
000000111000000 
000000111000000 
000000111000000 
000000111000000 
000000111000000 
000000111000000 
000000111000000 
000000111000000 
000000111000000 
000000111000000 
000000111000000 
000000111000000 
000000111000000 
// U       20 
111000000000011 
111000000000011 
111100000000011 
111100000000011 
110110000000011 
110110000000011 
110011000000011 
110011000000011 
110001100000011 
110000110000011 
110000011000011 
110000001100011 
110000000110011 
110000000110011 
110000000011011 
110000000011011 
110000000001111 
110000000001111 
110000000000111 
110000000000111 
// V       21 
111000000000011 
111000000000011 
111100000000011 
111100000000011 
110110000000011 
110110000000011 
110011000000011 
110011000000011 
110001100000011 
110000110000011 
110000011000011 
110000001100011 
110000000110011 
110000000110011 
110000000011011 
110000000011011 
110000000001111 
110000000001111 
110000000000111 
110000000000111 
// W       22 
111000000000111 
111000000000111 
111000000000111 
111000000000111 
111000000000111 
111000000000111 
111000000000111 
111000000000111 
111000000000111 
111000000000111 
111000000000111 
111000110000111 
111001101100111 
111001101100111 
111011000110111 
111011000110111 
111110000011111 
111110000011111 
111100000001111 
111100000001111 
// X       23 
111000000000011 
111000000000011 
111100000000011 
111100000000011 
110110000000011 
110110000000011 
110011000000011 
110011000000011 
110001100000011 
110000110000011 
110000011000011 
110000001100011 
110000000110011 
110000000110011 
110000000011011 
110000000011011 
110000000001111 
110000000001111 
110000000000111 
110000000000111 
// Y       24 
111000000000011 
111000000000011 
111100000000011 
111100000000011 
110110000000011 
110110000000011 
110011000000011 
110011000000011 
110001100000011 
110000110000011 
110000011000011 
110000001100011 
110000000110011 
110000000110011 
110000000011011 
110000000011011 
110000000001111 
110000000001111 
110000000000111 
110000000000111 
// Z       25 
111000000000011 
111000000000011 
111100000000011 
111100000000011 
110110000000011 
110110000000011 
110011000000011 
110011000000011 
110001100000011 
110000110000011 
110000011000011 
110000001100011 
110000000110011 
110000000110011 
110000000011011 
110000000011011 
110000000001111 
110000000001111 
110000000000111 
110000000000111 
// !       26
111000000000000 
111000000000000 
111000000000000 
111000000000000 
111000000000000 
111000000000000 
111000000000000 
111000000000000 
111000000000000 
111000000000000 
111000000000000 
111000000000000 
111000000000000 
111000000000000 
111000000000000 
000000000000000 
000000000000000 
111000000000000 
111000000000000 
111000000000000 
// :       27
000000000000000 
000000000000000 
000000000000000 
000000000000000 
000000000000000 
000000111000000 
000000111000000 
000000111000000 
000000000000000 
000000000000000 
000000000000000 
000000000000000 
000000111000000 
000000111000000 
000000111000000 
000000000000000 
000000000000000 
000000000000000 
000000000000000 
000000000000000 
// 0       28
001111111111100 
011111111111110 
111111111111111 
111110000011111 
111100000001111 
111000000000111 
111000000000111 
111000000000111 
111000000000111 
111000000000111 
111000000000111 
111000000000111 
111000000000111 
111000000000111 
111000000000111 
111100000001111 
111110000011111 
111111111111111 
011111111111110 
001111111111100 
// 1       29
000000111000000 
000001111000000 
000011111000000 
000111111000000 
001110111000000 
011100111000000 
111000111000000 
000000111000000 
000000111000000 
000000111000000 
000000111000000 
000000111000000 
000000111000000 
000000111000000 
000000111000000 
000000111000000 
000000111000000 
111111111111111 
111111111111111 
111111111111111 
// 2       30
000111111110000 
001111111111000 
011111111111100 
111000000001110 
111000000000111 
111000000000111 
000000000000111 
000000000000111 
000000000000111 
000000000000111 
000000000000111 
000000000001110 
000000000111000 
000000011100000 
000001110000000 
000111000000000 
011100000000000 
111111111111111 
111111111111111 
111111111111111 
// 3       31
000111111110000 
001111111111000 
011111111111100 
111000000001110 
111000000000111 
111000000000111 
000000000001110 
000000000011100 
000000001111000 
000000111110000 
000000111110000 
000000001111000 
000000000011100 
000000000001110 
111000000000111 
111000000000111 
111000000001110 
011111111111100 
001111111111000 
000111111110000 
// 4       32
111000000000111 
111000000000111 
111000000000111 
111000000000111 
111000000000111 
111000000000111 
111000000000111 
111000000000111 
111000000000111 
111111111111111 
111111111111111 
111111111111111 
000000000000111 
000000000000111 
000000000000111 
000000000000111 
000000000000111 
000000000000111 
000000000000111 
000000000000111 
// 5       33
111111111111111 
111111111111111 
111111111111111 
111000000000000 
111000000000000 
111000000000000 
111000000000000 
111000000000000 
111000000000000 
111111000000000 
000011111100000 
000000001111100 
000000000001111 
000000000000111 
000000000000111 
000000000000111 
000000000001111 
000000001111100 
000011111100000 
111111000000000 
// 6       34 
000111111111000 
011111111111110 
011110000011110 
111000000000000 
111000000000000 
111000000000000 
111000000000000 
111000000000000 
111000000000000 
111111111111000 
111111111111110 
111111111111110 
111000000000111 
111000000000111 
111000000000111 
111000000000111 
111000000000111 
011111111111110 
011111111111110 
000111111111000 
// 7       35
111111111111111 
111111111111111 
111111111111111 
000000000001110 
000000000001110 
000000000011100 
000000000011100 
000000000111000 
000000000111000 
000000001110000 
000000001110000 
000000011100000 
000000011100000 
000000111000000 
000000111000000 
000001110000000 
000001110000000 
000011100000000 
000011100000000 
000011100000000
// 8       36
001111111111100 
011111111111110 
111111111111111 
111111000111111 
111110000011111 
111100000001111 
111110000011111 
011111000111110 
000111111111000 
000001111100000 
000001111100000 
000111111111000 
011111000111110 
111110000011111 
111100000001111 
111110000011111 
111111000111111 
111111111111111 
011111111111110 
001111111111100 
// 4       37
000111111111000 
011111111111110 
011111111111110 
111000000000111 
111000000000111 
111000000000111 
111000000000111 
111000000000111 
111000000000111 
011111111111111 
011111111111111 
000111111111111 
000000000000111 
000000000000111 
000000000000111 
000000000000111 
000000000000111 
000000000000111 
000000000000111 
000000000000111 
// empty for reference 38
000000000000000 
000000000000000 
000000000000000 
000000000000000 
000000000000000 
000000000000000 
000000000000000 
000000000000000 
000000000000000 
000000000000000 
000000000000000 
000000000000000 
000000000000000 
000000000000000 
000000000000000 
000000000000000 
000000000000000 
000000000000000 
000000000000000 
000000000000000 
